[app/ui]
version = 8.0.3
modtime = 1591704382.707110000

[app/launcher]
version = 8.0.3
modtime = 1591704382.708288000

[app/install/state]
version = 8.0.3
modtime = 1591955842.710000900
